26694 3266 -1 F 75 34.2624368309 26.0804398125 0.464979 0.589874 0.483087 5 24 83 87 88 153
20593 2372 -1 M 54 19.4946058869 12.5114277462 0.218057 0.499073 0.606654 3 0 72 168
14760 1528 -1 F 51 58.16663682139999 56.737478085 0.405418 0.364192 0.737067 1 86
4324 375 -1 M 75 20.8782758736 19.5099895584 0.78462 0.666948 0.535721 6 24 35 66 67 78 95
7878 680 -1 F 40 2.4339921875 2.1297265624999997 0.272732 0.224196 0.571277 5 24 78 95 134 135
7183 593 3 M 39 22.1123349132 15.997120767600002 0.591152 0.328796 0.446817 6 10 24 35 83 84 87
4648 390 3 M 50 30.001287687999998 18.4292224816 0.569165 0.4454 0.359826 10 0 1 24 35 83 84 87 88 126 160
12278 1194 -1 M 67 23.987411664399996 17.0702322169 0.46993 0.47574 0.455196 4 24 35 83 84
30190 3860 -1 M 68 29.2207219114 17.876189057199998 0.367418 0.322887 0.818336 3 86 113 144
11041 1053 -1 F 78 10.260197161199999 10.2293378012 0.471956 0.511099 0.442633 2 24 83
22558 2661 -1 F 6 11.6730000816 9.171660555199999 0.410911 0.504778 0.386236 5 24 83 87 88 153
4853 405 -1 F 62 20.8945616 12.663368300000002 0.337406 0.619204 0.693548 3 0 127 161
3114 283 3 M 32 55.97686041200001 51.430937401600005 0.332377 0.346099 0.538651 3 21 24 86
29173 3673 5 M 64 6.7411541466600005 5.9920934776 0.316316 0.819867 0.570049 6 24 78 82 95 133 134
25941 3171 5 M 7 7.82796875 7.0039375 0.880602 0.681798 0.591171 5 24 66 67 78 95
1639 185 -1 M 53 21.6942271738 21.6778209322 0.321744 0.727321 0.590524 8 0 35 60 86 127 132 146 168
9123 823 -1 F 70 24.725427194199998 16.296280166 0.452613 0.593042 0.456283 4 24 35 83 84
27386 3388 -1 M 44 23.0609386414 14.6751427718 0.628401 0.651185 0.461486 6 24 43 67 78 82 95
7092 584 -1 M 45 14.869218749999998 10.89375 0.602199 0.528089 0.645226 4 35 83 84 106
18665 2076 -1 F 72 13.089515624999999 11.178914062499999 0.823512 0.650598 0.631153 4 0 102 105 127
