16638 0.2 0.505882 0.764706 0.6 0.505882 0.352941 0.364706 0.466667 0.141176 0.576471 0.513725 0.501961 0.121569 0.462745 0.501961 0.521569 n02093754-Border_terrier
5948 0.231373 0.54902 0.439216 0.247059 0.568627 0.419608 0.533333 0.615686 0.152941 0.505882 0.494118 0.54902 0.12549 0.52549 0.501961 0.498039 n02087046-toy_terrier
13882 0.223529 0.854902 0.960784 0.682353 0.784314 0.580392 0.458824 0.521569 0.141176 0.45098 0.458824 0.478431 0.164706 0.709804 0.866667 0.811765 n02109525-Saint_Bernard
19698 0.211765 0.109804 0.862745 0.72549 0.447059 0.713725 0.447059 0.239216 0.141176 0.494118 0.454902 0.545098 0.121569 0.494118 0.509804 0.498039 n02097298-Scotch_terrier
17740 0.239216 0.501961 0.819608 0.47451 0.392157 0.415686 0.54902 0.541176 0.105882 0.576471 0.372549 0.470588 0.117647 0.52549 0.513725 0.517647 n02090721-Irish_wolfhound
4725 0.254902 0.282353 0.129412 0.772549 0.439216 0.458824 0.729412 0.52549 0.145098 0.415686 0.294118 0.541176 0.121569 0.52549 0.52549 0.513725 n02107312-miniature_pinscher
12561 0.196078 0.737255 0.639216 0.862745 0.666667 0.8 0.584314 0.611765 0.121569 0.52549 0.521569 0.521569 0.12549 0.596078 0.556863 0.568627 n02099267-flat-coated_retriever
10434 0.235294 0.227451 0.839216 0.584314 0.647059 0.772549 0.847059 0.427451 0.164706 0.419608 0.584314 0.537255 0.129412 0.572549 0.470588 0.501961 n02105251-briard
14885 0.235294 0.631373 0.454902 0.611765 0.423529 0.4 0.47451 0.470588 0.152941 0.592157 0.427451 0.54902 0.121569 0.513725 0.505882 0.517647 n02091831-Saluki
13853 0.176471 0.501961 0.54902 0.52549 0.47451 0.584314 0.4 0.490196 0.141176 0.509804 0.501961 0.501961 0.117647 0.545098 0.498039 0.517647 n02089973-English_foxhound
20359 0.270588 0.886275 0.866667 0.733333 0.258824 0.85098 0.772549 0.521569 0.121569 0.537255 0.509804 0.498039 0.156863 0.627451 0.803922 0.780392 n02097209-standard_schnauzer
14240 0.101961 0.647059 0.690196 0.368627 0.698039 0.223529 0.513725 0.356863 0.160784 0.807843 0.45098 0.462745 0.121569 0.513725 0.509804 0.513725 n02096437-Dandie_Dinmont
17356 0.192157 0.4 0.262745 0.776471 0.741176 0.313725 0.596078 0.541176 0.14902 0.490196 0.603922 0.466667 0.117647 0.529412 0.54902 0.513725 n02096585-Boston_bull
19704 0.109804 0.658824 0.635294 0.870588 0.717647 0.611765 0.501961 0.329412 0.129412 0.517647 0.552941 0.564706 0.121569 0.517647 0.517647 0.509804 n02097298-Scotch_terrier
16405 0.184314 0.92549 0.529412 0.623529 0.682353 0.705882 0.717647 0.52549 0.152941 0.572549 0.364706 0.509804 0.117647 0.517647 0.521569 0.529412 n02107142-Doberman
17506 0.192157 0.431373 0.780392 0.478431 0.470588 0.811765 0.611765 0.662745 0.133333 0.490196 0.466667 0.517647 0.121569 0.529412 0.560784 0.52549 n02107574-Greater_Swiss_Mountain_dog
2004 0.176471 0.458824 0.384314 0.529412 0.490196 0.6 0.490196 0.541176 0.129412 0.541176 0.537255 0.47451 0.121569 0.517647 0.494118 0.501961 n02088364-beagle
16715 0.0980392 0.498039 0.356863 0.427451 0.533333 0.258824 0.501961 0.470588 0.121569 0.513725 0.576471 0.47451 0.121569 0.501961 0.509804 0.513725 n02093647-Bedlington_terrier
8162 0.239216 0.396078 0.141176 0.509804 0.556863 0.603922 0.635294 0.47451 0.152941 0.52549 0.443137 0.466667 0.12549 0.501961 0.458824 0.533333 n02106030-collie
4561 0.164706 0.478431 0.878431 0.423529 0.568627 0.505882 0.607843 0.576471 0.164706 0.32549 0.423529 0.439216 0.121569 0.521569 0.513725 0.490196 n02100877-Irish_setter
